12 0.6 7.3 4.9 73 23 87 320 9 85
15 0.7 7.5 5 84 23 110 325 8 87
17 0.8 7.6 5 54 14 129 381 4 84
19 0.7 7.5 5 369 81 450 401 13 82
20 0.7 7.8 5.1 59 16 75 359 3 85
17 0.7 7.7 5.1 57 10 80 335 13 88
16 0.7 7.6 5.1 67 21 93 324 8 82
14 0.6 7.4 4.9 57 19 90 309 11 92
12 0.7 7.5 5.1 54 20 76 317 6 86
11 0.7 7.3 4.9 97 26 135 251 7 77
11 0.6 6.9 4.7 70 23 97 247 4 78
19 0.7 7.8 5.2 65 20 96 401 6 97
19 0.7 7.7 5.2 65 19 89 367 3 82
14 0.6 7.3 4.9 75 20 104 341 3 79
13 0.6 7.1 4.7 57 18 79 303 3 81
18 0.8 7.5 5 93 29 114 330 22 81
12 0.6 6.9 4.7 60 24 91 325 5 78
12 0.6 7.4 5 72 24 89 270 6 95
16 0.7 7.5 5.1 48 13 85 380 9 75
20 0.7 7.5 5 63 15 89 346 4 89
17.6 0.71 7.7 5.1 83 2 350 328 8 91
12 0.7 7.2 4.8 55 24 80 296 3 76
15 0.7 7.3 4.9 63 22 79 352 3 92
14 0.7 7.3 4.9 51 19 79 297 9 83
12 0.6 7 4.7 74 26 99 279 9 78
12 0.7 7.6 4.9 85 24 119 291 4 85
16 0.7 7.4 5.1 53 15 83 410 12 68
18 0.7 7.3 4.9 59 10 84 363 5 81
17 0.8 7.4 5 82 14 142 354 4 83
14 0.7 7.4 4.9 62 19 87 321 16 78
15 0.6 7.4 4.9 76 19 98 303 11 79
17 0.7 7.2 4.9 62 25 85 312 10 81
12 0.7 8.1 5.4 61 16 90 328 5 91
12 0.6 7.6 5.1 66 19 89 312 4 100
22 0.7 8.2 5.6 6756 4 11631 419 23 56
20 0.8 8.1 5.3 162 61 359 408 18 90
24 0.7 8.2 5.5 96 21 161 365 9 85
22 0.7 7.9 5.4 1255 430 2465 389 31 61
19 0.8 6.7 4.4 1831 200 2498 379 40 86
17 0.7 6.9 4.5 1684 170 2606 403 62 89
11 0.6 7.3 4.9 138 30 166 278 4 92
12 0.7 7.8 5.2 372 61 382 295 5 101
20 0.8 7.7 5.1 1221 350 1406 419 13 89
19 0.6 7.3 5.2 9840 3 19585 438 65 42
24 0.7 7.4 5.1 3387 995 6293 367 55 61
23 0.7 7.5 5.1 7945 2 20570 141 61 71
15 0.6 7.8 5.2 173 82 309 237 11 107
15 0.6 6.9 4.6 1109 195 1233 321 32 95
15 0.7 7.9 5.3 222 58 256 303 4 103
17 0.7 7.5 5.1 365 81 378 268 5 100
23 0.7 7.8 5.3 9234 3 19563 387 56 52
28 0.7 7.4 5.2 6630 4 13974 375 74 70
20 0.7 7.8 5.3 12410 2 27075 415 65 55
27 0.7 8 5.3 10200 2 26175 418 98 88
16 0.6 7 4.6 1741 470 4337 415 78 98
15 0.7 7.3 4.7 879 265 1793 279 29 100
14 0.7 8.4 5.5 185 30 256 327 3 98
14 0.7 7.3 5 195 35 212 210 5 94
27 0.8 7.5 5 15180 3 26334 353 59 51
25 0.7 7.9 5.4 244 98 470 403 5 69
21 0.8 8 5.2 233 67 325 346 6 82
23 0.7 6.3 4.4 8650 3 17830 500 54 53
17 0.6 7 4.8 494 155 807 260 25 111
15 0.7 6.9 4.6 1978 515 2751 347 52 90
